             o  ,    o  ,                           1306 NE 116TH CIRCLE VANCOUVER,                    Astronomical Applications Dept.
Location: W122 35, N45 40                          Rise and Set for the Sun for 2016                   U. S. Naval Observatory        
                                                                                                       Washington, DC  20392-5420     
                                                            Universal Time                                                            
                                                                                                                                      
                                                                                                                                      
       Jan.       Feb.       Mar.       Apr.       May        June       July       Aug.       Sept.      Oct.       Nov.       Dec.  
Day Rise  Set  Rise  Set  Rise  Set  Rise  Set  Rise  Set  Rise  Set  Rise  Set  Rise  Set  Rise  Set  Rise  Set  Rise  Set  Rise  Set
     h m  h m   h m  h m   h m  h m   h m  h m   h m  h m   h m  h m   h m  h m   h m  h m   h m  h m   h m  h m   h m  h m   h m  h m
01  1551 0036  1532 0115  1448 0157  1349 0238  1257 0317  1224 0352  1225 0403  1254 0339  1332 0249  1409 0151  1451 0058  1531 0028
02  1551 0037  1531 0116  1446 0158  1347 0239  1256 0318  1224 0353  1226 0403  1256 0338  1333 0247  1411 0149  1452 0056  1532 0028
03  1551 0038  1530 0118  1444 0159  1346 0241  1254 0320  1223 0354  1226 0403  1257 0337  1335 0245  1412 0147  1454 0055  1534 0027
04  1551 0039  1528 0119  1442 0201  1344 0242  1253 0321  1223 0355  1227 0403  1258 0335  1336 0243  1413 0146  1455 0053  1535 0027
05  1551 0040  1527 0120  1440 0202  1342 0243  1251 0322  1222 0355  1228 0402  1259 0334  1337 0241  1414 0144  1457 0052  1536 0027
06  1551 0041  1526 0122  1439 0204  1340 0245  1250 0323  1222 0356  1229 0402  1300 0332  1338 0239  1416 0142  1458 0051  1537 0027
07  1551 0042  1525 0123  1437 0205  1338 0246  1249 0325  1221 0357  1229 0402  1302 0331  1340 0238  1417 0140  1500 0049  1538 0026
08  1550 0043  1523 0125  1435 0206  1336 0247  1247 0326  1221 0357  1230 0401  1303 0330  1341 0236  1418 0138  1501 0048  1539 0026
09  1550 0044  1522 0126  1433 0208  1334 0249  1246 0327  1221 0358  1231 0401  1304 0328  1342 0234  1420 0136  1502 0047  1540 0026
10  1550 0045  1520 0128  1431 0209  1333 0250  1245 0328  1221 0359  1232 0400  1305 0327  1343 0232  1421 0134  1504 0046  1541 0026
11  1549 0046  1519 0129  1429 0210  1331 0251  1243 0330  1221 0359  1233 0359  1306 0325  1345 0230  1422 0132  1505 0044  1541 0026
12  1549 0047  1517 0131  1427 0212  1329 0252  1242 0331  1220 0400  1233 0359  1308 0323  1346 0228  1424 0131  1507 0043  1542 0026
13  1548 0049  1516 0132  1426 0213  1327 0254  1241 0332  1220 0400  1234 0358  1309 0322  1347 0226  1425 0129  1508 0042  1543 0026
14  1548 0050  1514 0134  1424 0214  1325 0255  1240 0333  1220 0401  1235 0358  1310 0320  1348 0224  1426 0127  1509 0041  1544 0027
15  1547 0051  1513 0135  1422 0216  1324 0256  1239 0334  1220 0401  1236 0357  1311 0319  1349 0222  1428 0125  1511 0040  1545 0027
16  1547 0052  1511 0137  1420 0217  1322 0258  1237 0336  1220 0402  1237 0356  1313 0317  1351 0220  1429 0123  1512 0039  1545 0027
17  1546 0054  1510 0138  1418 0218  1320 0259  1236 0337  1220 0402  1238 0355  1314 0315  1352 0218  1430 0122  1513 0038  1546 0027
18  1545 0055  1508 0140  1416 0220  1318 0300  1235 0338  1220 0402  1239 0354  1315 0314  1353 0216  1432 0120  1515 0037  1547 0028
19  1545 0056  1507 0141  1414 0221  1317 0302  1234 0339  1221 0403  1240 0354  1316 0312  1354 0214  1433 0118  1516 0036  1547 0028
20  1544 0058  1505 0142  1412 0222  1315 0303  1233 0340  1221 0403  1241 0353  1317 0310  1356 0212  1434 0117  1517 0035  1548 0028
21  1543 0059  1503 0144  1410 0224  1313 0304  1232 0341  1221 0403  1242 0352  1319 0309  1357 0210  1436 0115  1519 0034  1548 0029
22  1542 0100  1502 0145  1408 0225  1311 0305  1231 0342  1221 0403  1243 0351  1320 0307  1358 0209  1437 0113  1520 0034  1549 0029
23  1542 0102  1500 0147  1406 0226  1310 0307  1230 0343  1222 0404  1244 0350  1321 0305  1359 0207  1439 0112  1521 0033  1549 0030
24  1541 0103  1458 0148  1405 0228  1308 0308  1230 0344  1222 0404  1245 0349  1322 0303  1401 0205  1440 0110  1523 0032  1550 0030
25  1540 0105  1457 0150  1403 0229  1307 0309  1229 0345  1222 0404  1247 0348  1324 0302  1402 0203  1441 0108  1524 0031  1550 0031
26  1539 0106  1455 0151  1401 0230  1305 0311  1228 0346  1223 0404  1248 0347  1325 0300  1403 0201  1443 0107  1525 0031  1550 0032
27  1538 0107  1453 0152  1359 0232  1303 0312  1227 0347  1223 0404  1249 0345  1326 0258  1404 0159  1444 0105  1527 0030  1550 0032
28  1537 0109  1451 0154  1357 0233  1302 0313  1227 0348  1224 0404  1250 0344  1327 0256  1406 0157  1445 0104  1528 0030  1551 0033
29  1536 0110  1449 0155  1355 0234  1300 0314  1226 0349  1224 0404  1251 0343  1329 0254  1407 0155  1447 0102  1529 0029  1551 0034
30  1534 0112             1353 0236  1259 0316  1225 0350  1225 0404  1252 0342  1330 0253  1408 0153  1448 0101  1530 0029  1551 0035
31  1533 0113             1351 0237             1225 0351             1253 0341  1331 0251             1450 0059             1551 0036

Back to form