             o  ,    o  ,                           1306 NE 116TH CIRCLE VANCOUVER,                    Astronomical Applications Dept.
Location: W122 35, N45 40                          Rise and Set for the Sun for 2015                   U. S. Naval Observatory        
                                                                                                       Washington, DC  20392-5420     
                                                            Universal Time                                                            
                                                                                                                                      
                                                                                                                                      
       Jan.       Feb.       Mar.       Apr.       May        June       July       Aug.       Sept.      Oct.       Nov.       Dec.  
Day Rise  Set  Rise  Set  Rise  Set  Rise  Set  Rise  Set  Rise  Set  Rise  Set  Rise  Set  Rise  Set  Rise  Set  Rise  Set  Rise  Set
     h m  h m   h m  h m   h m  h m   h m  h m   h m  h m   h m  h m   h m  h m   h m  h m   h m  h m   h m  h m   h m  h m   h m  h m
01  1551 0036  1532 0115  1449 0156  1351 0237  1258 0316  1224 0351  1225 0404  1254 0340  1331 0250  1408 0153  1450 0059  1530 0028
02  1551 0037  1531 0116  1447 0157  1349 0238  1257 0317  1224 0352  1225 0403  1255 0339  1333 0248  1410 0151  1451 0057  1532 0028
03  1551 0038  1529 0118  1445 0158  1347 0240  1255 0319  1223 0353  1226 0403  1256 0338  1334 0247  1411 0149  1453 0056  1533 0028
04  1551 0039  1528 0119  1444 0200  1345 0241  1254 0320  1223 0354  1227 0403  1257 0336  1335 0245  1412 0147  1454 0054  1534 0027
05  1551 0040  1527 0121  1442 0201  1343 0242  1252 0321  1222 0355  1227 0403  1258 0335  1336 0243  1414 0145  1456 0053  1535 0027
06  1551 0041  1526 0122  1440 0202  1341 0244  1251 0322  1222 0356  1228 0402  1300 0334  1337 0241  1415 0143  1457 0052  1536 0027
07  1550 0042  1524 0124  1438 0204  1339 0245  1250 0324  1222 0356  1229 0402  1301 0332  1339 0239  1416 0141  1458 0050  1537 0027
08  1550 0043  1523 0125  1436 0205  1338 0246  1248 0325  1221 0357  1229 0401  1302 0331  1340 0237  1417 0139  1500 0049  1538 0026
09  1550 0044  1521 0127  1434 0207  1336 0248  1247 0326  1221 0358  1230 0401  1303 0329  1341 0235  1419 0138  1501 0048  1539 0026
10  1550 0045  1520 0128  1433 0208  1334 0249  1246 0327  1221 0358  1231 0400  1304 0328  1342 0233  1420 0136  1503 0047  1540 0026
11  1549 0046  1519 0130  1431 0209  1332 0250  1244 0329  1221 0359  1232 0400  1306 0326  1344 0231  1421 0134  1504 0045  1541 0026
12  1549 0048  1517 0131  1429 0211  1330 0251  1243 0330  1221 0359  1233 0359  1307 0325  1345 0229  1423 0132  1505 0044  1542 0026
13  1548 0049  1516 0133  1427 0212  1328 0253  1242 0331  1220 0400  1234 0359  1308 0323  1346 0228  1424 0130  1507 0043  1543 0026
14  1548 0050  1514 0134  1425 0213  1327 0254  1241 0332  1220 0401  1235 0358  1309 0322  1347 0226  1425 0128  1508 0042  1543 0026
15  1547 0051  1512 0136  1423 0215  1325 0255  1239 0333  1220 0401  1235 0357  1310 0320  1349 0224  1427 0127  1510 0041  1544 0027
16  1547 0053  1511 0137  1421 0216  1323 0257  1238 0335  1220 0401  1236 0357  1312 0318  1350 0222  1428 0125  1511 0040  1545 0027
17  1546 0054  1509 0138  1419 0217  1321 0258  1237 0336  1220 0402  1237 0356  1313 0317  1351 0220  1429 0123  1512 0039  1546 0027
18  1545 0055  1508 0140  1417 0219  1320 0259  1236 0337  1220 0402  1238 0355  1314 0315  1352 0218  1431 0121  1514 0038  1546 0027
19  1545 0057  1506 0141  1416 0220  1318 0301  1235 0338  1221 0403  1239 0354  1315 0313  1353 0216  1432 0120  1515 0037  1547 0028
20  1544 0058  1505 0143  1414 0221  1316 0302  1234 0339  1221 0403  1240 0353  1317 0312  1355 0214  1433 0118  1516 0036  1547 0028
21  1543 0059  1503 0144  1412 0223  1314 0303  1233 0340  1221 0403  1241 0352  1318 0310  1356 0212  1435 0116  1518 0035  1548 0028
22  1542 0101  1501 0146  1410 0224  1313 0304  1232 0341  1221 0403  1242 0351  1319 0308  1357 0210  1436 0114  1519 0034  1548 0029
23  1541 0102  1459 0147  1408 0225  1311 0306  1231 0343  1221 0404  1244 0351  1320 0306  1358 0208  1437 0113  1520 0033  1549 0029
24  1540 0103  1458 0149  1406 0227  1309 0307  1230 0344  1222 0404  1245 0349  1322 0305  1400 0206  1439 0111  1522 0033  1549 0030
25  1539 0105  1456 0150  1404 0228  1308 0308  1229 0345  1222 0404  1246 0348  1323 0303  1401 0204  1440 0110  1523 0032  1550 0031
26  1538 0106  1454 0151  1402 0229  1306 0310  1229 0346  1222 0404  1247 0347  1324 0301  1402 0202  1442 0108  1524 0031  1550 0031
27  1537 0108  1453 0153  1400 0231  1305 0311  1228 0347  1223 0404  1248 0346  1325 0259  1403 0200  1443 0106  1526 0031  1550 0032
28  1536 0109  1451 0154  1358 0232  1303 0312  1227 0348  1223 0404  1249 0345  1326 0258  1405 0158  1444 0105  1527 0030  1551 0033
29  1535 0111             1356 0233  1301 0314  1226 0349  1224 0404  1250 0344  1328 0256  1406 0157  1446 0103  1528 0029  1551 0033
30  1534 0112             1355 0235  1300 0315  1226 0350  1224 0404  1251 0343  1329 0254  1407 0155  1447 0102  1529 0029  1551 0034
31  1533 0114             1353 0236             1225 0351             1252 0342  1330 0252             1449 0100             1551 0035